seed=0
size=10x10
log=natural

0.9903650414743139
0.868719682914265
0.937155853065701
1.123076114615236
1.123076114615236
0.8451132568429528
0.6517565611726531
0.868719682914265
1.1882606527098067
1.123076114615236
1.123076114615236
1.123076114615236
0.8304717124362917
0.868719682914265
0.8304717124362917
0.8304717124362917
0.868719682914265
1.1882606527098067
1.123076114615236
1.123076114615236
1.123076114615236
0.868719682914265
0.868719682914265
0.9794782655903753
1.123076114615236
1.123076114615236
0.8304717124362917
0.8304717124362917
1.123076114615236
1.123076114615236
1.123076114615236
1.123076114615236
1.123076114615236
1.123076114615236
1.123076114615236
1.123076114615236
1.1384051391289884
1.123076114615236
1.123076114615236
1.123076114615236
1.123076114615236
1.123076114615236
0.47413931305783735
0.6172417697303416
0.8675632284814612
0.8304717124362917
1.020036958401841
1.1882606527098067
1.1882606527098067
0.8304717124362917
1.020036958401841
1.1882606527098067
0.868719682914265
0.6931471805599453
0.7214636866925115
0.6554817739013927
1.1882606527098067
1.1882606527098067
0.868719682914265
0.8304717124362917
1.035016633484322
0.6172417697303416
0.937155853065701
1.0337005498525014
1.0337005498525014
0.8369882167858358
1.0986122886681096
0.6853142072764582
0.6853142072764582
0.47413931305783735
0.6365141682948128
0.5004024235381879
0.6365141682948128
0.3250829733914482
0.8369882167858358
0.8369882167858358
0.8369882167858358
1.0337005498525014
0.6172417697303416
0.3250829733914482
0.6365141682948128
0.6853142072764582
0.45056120886630463
0.6365141682948128
1.0337005498525014
0.8369882167858358
0.3250829733914482
1.0337005498525014
1.020036958401841
1.0337005498525014
0.37677016125643675
0.8369882167858358
0.37677016125643675
1.1882606527098067
0.6001660731596457
0.8369882167858358
1.020036958401841
1.1882606527098067
0.8369882167858358
1.1882606527098067
1.0337005498525014
0.6001660731596457
0.3250829733914482
0.8369882167858358
1.0337005498525014
1.0337005498525014
0.6365141682948128
0.8369882167858358
0.37677016125643675
0.6365141682948128
0.6554817739013927
1.1882606527098067
1.1882606527098067
1.1882606527098067
1.0337005498525014
1.0337005498525014
0.796311640173813
0.45056120886630463
0.45056120886630463
0.45056120886630463
0.9347698978582792
0.9647470452218643
1.0386495367023671
0.9647470452218643
0.9347698978582792
0.9647470452218643
0.25731864054383163
1.0386495367023671
0.9647470452218643
0.7659373365785205
0.25731864054383163
0.25731864054383163
0.9647470452218643
0.9347698978582792
0.25731864054383163
0.45056120886630463
0.796311640173813
