0.7659373365785205
1.1658299657535875
1.1765062521150504
1.1765062521150504
0.9647470452218643
0.7909873504355757
0.25731864054383163
1.1765062521150504
1.123076114615236
1.0386495367023671
1.1658299657535875
1.1765062521150504
1.1765062521150504
1.1765062521150504
1.1765062521150504
1.123076114615236
1.123076114615236
1.123076114615236
1.123076114615236
1.123076114615236
1.1765062521150504
1.1384051391289884
1.123076114615236
1.1765062521150504
1.1765062521150504
1.1765062521150504
1.123076114615236
1.123076114615236
1.123076114615236
1.123076114615236
1.123076114615236
1.1658299657535875
1.1765062521150504
1.1765062521150504
1.1765062521150504
1.123076114615236
1.123076114615236
1.1384051391289884
1.123076114615236
1.123076114615236
1.123076114615236
1.123076114615236
1.1765062521150504
1.1765062521150504
1.1765062521150504
1.123076114615236
1.123076114615236
1.123076114615236
1.123076114615236
1.123076114615236
1.123076114615236
1.123076114615236
1.123076114615236
1.123076114615236
1.123076114615236
0.6172417697303416
0.8304717124362917
1.020036958401841
0.6172417697303416
0.6172417697303416
1.020036958401841
1.1882606527098067
0.8304717124362917
0.8304717124362917
1.1882606527098067
0.8304717124362917
0.8304717124362917
1.020036958401841
1.1882606527098067
0.8304717124362917
0.8304717124362917
0.8304717124362917
0.8304717124362917
0.8304717124362917
0.8304717124362917
0.8304717124362917
1.020036958401841
1.1882606527098067
0.8304717124362917
0.8304717124362917
0.8304717124362917
0.868719682914265
0.868719682914265
0.868719682914265
0.868719682914265
0.7214636866925115
0.8369882167858358
0.6172417697303416
0.6172417697303416
0.3250829733914482
0.6172417697303416
0.47413931305783735
0.6001660731596457
0.6931471805599453
0.6172417697303416
1.0337005498525014
0.7214636866925115
0.34883209584303193
1.0986122886681096
0.8304717124362917
1.020036958401841
1.1882606527098067
1.020036958401841
1.020036958401841
1.020036958401841
1.1882606527098067
0.8304717124362917
1.020036958401841
1.1882606527098067
0.8304717124362917
1.1882606527098067
0.8304717124362917
1.1882606527098067
0.6172417697303416
0.6172417697303416
0.47413931305783735
0.8675632284814612
0.6365141682948128
0.6172417697303416
0.47413931305783735
0.47413931305783735
0.6365141682948128
0.6001660731596457
0.6001660731596457
0.47413931305783735
0.6365141682948128
0.37677016125643675
1.0337005498525014
0.8675632284814612
0.9556998911125343
0.6365141682948128
0.5297061990576545
1.0986122886681096
0.6931471805599453
0.6931471805599453
0.47413931305783735
0.6853142072764582
0.6001660731596457
0.47413931305783735
0.6001660731596457
0.6554817739013927
0.6172417697303416
0.6853142072764582
0.47413931305783735
0.3250829733914482
0.3250829733914482
0.6931471805599453
0.6931471805599453
0.6931471805599453
0.3250829733914482
