seed=0
size=10x10
log=natural

0.8222653373287878
0.9903650414743139
1.0337005498525014
0.868719682914265
0.8451132568429528
0.9794782655903753
0.868719682914265
1.0375911080918452
1.035016633484322
1.1205861971907978
0.8451132568429528
1.0337005498525014
0.868719682914265
1.123076114615236
0.868719682914265
1.020036958401841
1.1882606527098067
1.123076114615236
0.868719682914265
0.9794782655903753
1.1882606527098067
0.868719682914265
1.020036958401841
0.8304717124362917
0.868719682914265
1.123076114615236
0.868719682914265
1.123076114615236
1.123076114615236
1.123076114615236
1.123076114615236
1.123076114615236
1.0337005498525014
0.8304717124362917
0.8304717124362917
1.020036958401841
1.123076114615236
1.123076114615236
1.123076114615236
1.123076114615236
1.123076114615236
1.123076114615236
1.123076114615236
1.0337005498525014
1.020036958401841
0.8675632284814612
0.9556998911125343
0.9556998911125343
0.6365141682948128
0.6554817739013927
1.020036958401841
1.1882606527098067
1.020036958401841
0.5297061990576545
0.5297061990576545
1.0337005498525014
1.0337005498525014
0.6853142072764582
0.7214636866925115
0.6365141682948128
0.6853142072764582
0.7214636866925115
0.7214636866925115
0.9556998911125343
0.6554817739013927
1.1882606527098067
0.8675632284814612
0.6365141682948128
0.6365141682948128
1.1882606527098067
0.5297061990576545
0.6554817739013927
0.6554817739013927
1.020036958401841
1.1882606527098067
1.1882606527098067
1.0337005498525014
0.6554817739013927
1.1882606527098067
0.6365141682948128
0.6931471805599453
1.0986122886681096
1.0337005498525014
1.1882606527098067
0.5297061990576545
0.45056120886630463
0.9647470452218643
0.25731864054383163
1.0386495367023671
1.0386495367023671
0.9647470452218643
0.9647470452218643
0.25731864054383163
0.7659373365785205
0.25731864054383163
0.7659373365785205
0.937155853065701
0.47413931305783735
0.8369882167858358
0.9347698978582792
0.9647470452218643
0.7659373365785205
0.6001660731596457
0.937155853065701
1.0337005498525014
0.8369882167858358
0.410116318288409
0.8304717124362917
0.47413931305783735
0.796311640173813
0.7214636866925115
0.6365141682948128